id minIntensity maxIntensity rotCorrection_ vertCorrection_ distCorrection_ distCorrectionX_ distCorrectionY_ vertOffsetCorrection_ horizOffsetCorrection_ focalDistance_ focalSlope_
00  000  255  -4.430027  -7.010575  112.853840  117.546070  114.488080  21.541540  2.600000  1000.000000  0.700000
01  000  255  -2.286659  -6.710405  127.822160  131.421590  132.190120  21.503325  -2.600000  1450.000000  1.100000
02  000  255  3.475060  0.461699  125.136420  128.008390  128.413910  20.599369  2.600000  1050.000000  1.700000
03  000  255  5.628259  0.707628  132.628940  133.906010  137.657590  20.568502  -2.600000  1800.000000  1.200000
04  040  255  -0.088949  -6.375164  119.693370  122.101230  120.989590  21.460697  2.600000  2400.000000  0.900000
05  040  255  2.206202  -6.039484  122.609960  124.598650  125.853130  21.418074  -2.600000  2400.000000  1.000000
06  000  255  -0.878186  -8.379263  118.147550  120.332400  118.780070  21.716452  2.600000  1700.000000  0.900000
07  000  255  1.382789  -8.080988  123.643420  128.263090  128.810730  21.678236  -2.600000  2200.000000  0.400000
08  000  255  4.198141  -5.691791  113.868220  118.969350  119.501270  21.373978  2.600000  1950.000000  0.900000
09  000  255  6.483062  -5.378506  126.290520  129.204390  128.607280  21.334291  -2.600000  1650.000000  1.350000
10  000  255  3.419279  -7.736277  120.614470  123.982320  120.715330  21.634140  2.600000  1700.000000  0.800000
11  000  255  5.680168  -7.367964  120.582290  124.180210  123.300590  21.587105  -2.600000  1500.000000  1.700000
12  040  255  -4.431302  -2.932249  122.048220  125.393000  123.482290  21.025623  2.600000  2400.000000  1.350000
13  040  255  -2.149123  -2.640138  132.917540  133.141680  133.289320  20.988878  -2.600000  2400.000000  1.250000
14  000  255  -5.163452  -4.971918  115.450700  122.132020  120.205020  21.282846  2.600000  2100.000000  1.000000
15  000  255  -2.922747  -4.681188  119.815620  122.819050  123.382960  21.246101  -2.600000  1800.000000  0.950000
16  040  255  -0.141281  -2.289425  118.871440  120.243030  119.336380  20.944782  2.600000  2400.000000  1.350000
17  040  255  2.165276  -1.973635  123.829700  127.149410  128.902280  20.905096  -2.600000  2400.000000  1.350000
18  000  255  -0.892128  -4.285410  118.620040  123.235590  118.123530  21.196127  2.600000  1900.000000  1.300000
19  040  255  1.407758  -4.005789  121.307400  122.839020  123.349980  21.160851  -2.600000  2400.000000  1.300000
20  040  255  4.147154  -1.646023  121.041140  122.430150  122.425800  20.863941  2.600000  2400.000000  1.150000
21  000  255  6.416474  -1.330010  127.885490  129.083510  133.505680  20.824255  -2.600000  1700.000000  1.300000
22  000  255  3.364914  -3.632664  123.366490  125.282900  120.870830  21.113815  2.600000  2200.000000  1.000000
23  000  255  5.673422  -3.375960  126.006990  127.304600  131.098540  21.081478  -2.600000  1900.000000  1.100000
24  010  255  -4.445441  1.105739  130.331630  133.833420  133.530590  20.518526  2.600000  2400.000000  1.100000
25  000  255  -2.209382  1.363286  131.816330  133.265170  133.637890  20.486191  -2.600000  1100.000000  1.800000
26  000  255  -5.176917  -0.896826  125.916350  127.846080  127.798730  20.769871  2.600000  2150.000000  1.000000
27  000  255  -2.951487  -0.557230  131.151350  132.072020  129.489350  20.727245  -2.600000  2300.000000  1.000000
28  010  255  -0.104603  1.749500  125.965510  129.786070  129.285770  20.437687  2.600000  2400.000000  0.450000
29  010  255  2.040234  2.065376  137.354690  140.747300  138.872620  20.398001  -2.600000  2400.000000  0.600000
30  040  255  -0.916427  -0.264442  127.967350  129.289260  129.739580  20.690498  2.600000  2400.000000  1.100000
31  040  255  1.205707  0.063496  131.988770  133.330630  133.265990  20.649343  -2.600000  2400.000000  1.300000
32  000  255  -7.420049  -22.317429  126.492640  129.888170  125.065370  15.965706  2.600000  1100.000000  2.000000
33  030  255  -3.952601  -22.006018  120.202540  122.974890  123.609120  15.926330  -2.600000  25.000000  1.050000
34  020  255  4.946129  -11.171280  131.829510  133.248570  135.060180  14.642150  2.600000  25.000000  0.800000
35  000  255  8.224959  -10.798815  119.161960  121.660480  122.849880  14.600233  -2.600000  700.000000  1.700000
36  000  255  -0.531608  -21.480572  122.731160  129.229320  127.225010  15.860279  2.600000  1400.000000  0.900000
37  010  255  3.003561  -21.124750  112.851930  116.344520  116.591970  15.815822  -2.600000  25.000000  0.950000
38  000  255  -1.776615  -24.564760  128.707380  129.772630  129.609990  16.255314  2.600000  25.000000  0.950000
39  040  255  1.738905  -24.176044  115.705410  116.329700  116.922430  16.204506  -2.600000  25.000000  1.300000
40  030  255  6.400780  -20.387400  123.055040  128.132520  127.108170  15.724367  2.600000  25.000000  1.100000
41  000  255  9.773151  -19.881512  114.120450  118.511840  118.077350  15.662127  -2.600000  900.000000  1.600000
42  030  255  5.251195  -23.509769  125.242250  128.948100  127.533750  16.118132  2.600000  25.000000  1.200000
43  000  255  8.686886  -22.975813  112.297860  113.181020  113.852910  16.049540  -2.600000  600.000000  1.600000
44  000  255  -7.300806  -16.122602  133.985460  139.789890  133.677250  15.211203  2.600000  1100.000000  2.000000
45  010  255  -3.825219  -15.808648  115.834110  119.853290  120.918530  15.174367  -2.600000  25.000000  0.450000
46  000  255  -8.661200  -19.174086  125.719160  129.513600  127.227810  15.575753  2.600000  1050.000000  1.850000
47  030  255  -5.149512  -18.870516  108.798070  112.877600  112.732900  15.538917  -2.600000  25.000000  1.000000
48  000  255  -0.472288  -15.275962  126.622220  131.179120  129.558840  15.112127  2.600000  750.000000  1.100000
49  000  255  2.833644  -14.860983  116.128570  119.718510  120.706730  15.063859  -2.600000  950.000000  1.300000
50  000  255  -1.733883  -18.333984  119.981610  128.457870  122.823620  15.474136  2.600000  1250.000000  1.000000
51  000  255  1.717689  -17.963835  111.065140  116.563060  114.965160  15.429679  -2.600000  1100.000000  0.850000
52  030  255  6.066141  -14.235523  130.559570  132.839450  133.581600  14.991457  2.600000  25.000000  0.850000
53  000  255  9.501827  -13.783470  115.106930  117.039340  118.132480  14.939379  -2.600000  900.000000  1.700000
54  020  255  5.043276  -17.325682  126.909380  131.129850  129.691440  15.353466  2.600000  25.000000  0.600000
55  000  255  8.400355  -16.811937  116.112290  120.037800  121.323750  15.292496  -2.600000  1100.000000  1.850000
56  000  255  -7.088280  -9.971628  131.846760  134.999400  133.366670  14.507508  2.600000  700.000000  1.500000
57  020  255  -3.850869  -9.698739  120.546240  122.039480  123.067360  14.477023  -2.600000  25.000000  0.950000
58  000  255  -8.382317  -13.052104  136.721980  137.406850  137.264300  14.855545  2.600000  1100.000000  1.950000
59  000  255  -5.082352  -12.684776  121.764260  124.897880  126.585200  14.813628  -2.600000  25.000000  0.800000
60  005  255  -0.534980  -9.197294  133.225860  135.150940  135.245120  14.421134  2.600000  25.000000  1.000000
61  040  255  2.706757  -8.717312  120.875560  122.212620  123.620750  14.367785  -2.600000  240.000000  1.250000
62  000  255  -1.690374  -12.204545  126.680630  129.548780  128.689450  14.759009  2.600000  850.000000  0.850000
63  000  255  1.550399  -11.789922  123.114250  123.990080  125.666360  14.712011  -2.600000  25.000000  0.600000
